1 67.98913634 240.77077675
2 84.94456763 163.28935698
3 85.29995845 183.57665143
4 85.16959799 201.38190955
5 85.55686605 220.37742207
6 85.64935858 238.85858277
7 85.15868361 258.98110134
8 85.36039326 278.67275281
9 86.88888889 298.01780233
10 85.13417722 315.94620253
11 103.22850123 145.89820990
12 104.17223460 164.92464736
13 104.65858971 182.10400218
14 104.78712871 200.61296130
15 103.84747751 220.79037935
16 105.74974773 240.24772957
17 104.12072808 258.92273403
18 104.27276423 277.37479675
19 106.58341217 297.53453169
20 104.77541296 316.19949174
21 106.10532838 336.85254027
22 125.25782345 124.85474078
23 123.94341432 145.00479540
24 123.04660405 162.63945087
25 123.91686461 182.62232779
26 123.52533333 200.82933333
27 123.79114971 220.54962779
28 123.40599593 239.89634146
29 123.45273632 259.01554726
30 123.75060827 278.09205191
31 124.27564605 297.85082224
32 123.83281087 316.09926855
33 124.96662420 335.39414013
34 124.45756881 353.75688073
35 141.96488550 105.94503817
36 143.15143965 123.79401993
37 142.72987013 143.89480519
38 142.43161094 162.10081054
39 142.79248658 181.56529517
40 143.04075738 201.27182285
41 142.94115428 219.87514146
42 142.62446657 239.89236605
43 143.25651808 258.67956266
44 143.24844237 278.14070613
45 143.03661972 297.67605634
46 143.60143113 316.54490161
47 143.73035067 335.51723096
48 143.16129960 353.88125359
49 143.24062878 372.50906892
50 161.10379464 87.17801339
51 161.82535138 105.40187402
52 162.14223259 124.73651997
53 162.07307899 142.41805481
54 162.55795596 162.19484836
55 161.81961669 181.04171364
56 162.31748656 200.69243489
57 162.22030041 220.10286755
58 162.47279550 239.97748593
59 161.80376539 259.16002896
60 162.39254294 278.16715543
61 162.29884251 297.40161347
62 162.38711111 316.56444444
63 162.69507101 335.43567251
64 162.31094225 354.75015198
65 163.07396361 373.16701461
66 163.48219736 391.54832146
67 181.34935305 85.97781885
68 181.06257310 105.07280702
69 181.73514851 123.80000000
70 181.19747634 142.40189274
71 181.27289377 161.75531136
72 181.32965379 181.33567486
73 181.24046322 200.59536785
74 181.09178744 219.87536232
75 181.09123649 239.21728691
76 181.54616048 258.84987058
77 181.53333333 277.94843750
78 181.73821200 297.66842701
79 181.61395787 316.64602326
80 181.99513059 335.88667552
81 181.43148803 354.27404790
82 182.49092068 373.76266327
83 182.07740586 392.61872385
84 201.85936891 85.55317491
85 200.19162088 104.94127747
86 200.97574533 123.68418393
87 201.42101010 143.64646465
88 200.60534252 161.83283068
89 200.48061448 180.89319678
90 200.61965241 200.26938503
91 200.89051724 219.74310345
92 200.89062500 239.14583333
93 200.86975717 258.87858720
94 200.84885993 278.36547231
95 200.72070931 297.54591514
96 201.09606810 316.66720713
97 200.96662621 335.58313107
98 200.84763573 354.64141856
99 200.44654545 373.72618182
100 202.19787101 392.51659361
101 217.87382779 86.25362319
102 220.40889680 104.20854093
103 220.04548175 123.62896469
104 219.94587533 142.76857036
105 220.22198619 161.61444503
106 220.36381323 180.55155642
107 220.37869293 200.33303491
108 220.31349782 219.92743106
109 220.35079365 239.10952381
110 220.31886228 258.87275449
111 220.70331754 278.06255924
112 220.18045113 297.80343716
113 220.36126725 316.99233521
114 220.94058038 335.48364809
115 220.28482972 355.02012384
116 219.30441966 373.94341181
117 218.62733357 392.72032406
118 238.72965559 66.72508382
119 239.55164034 85.46739571
120 239.73483146 104.59662921
121 239.25355191 123.84590164
122 239.28942214 142.59647405
123 239.53016453 161.19241316
124 239.76765083 180.23234917
125 239.65944882 200.18307087
126 239.77432712 219.77432712
127 239.00000000 240.00000000
128 239.98576512 258.69928826
129 239.91760300 278.22097378
130 239.88133498 297.48702101
131 240.45312500 316.57031250
132 239.61222092 335.57892675
133 239.42891683 354.87137331
134 239.03433658 373.53709199
135 238.54919584 393.83632923
136 239.64937524 412.25785687
137 260.15981560 86.00038417
138 259.14824619 104.62905361
139 259.19105467 123.31253451
140 259.09255450 142.62978198
141 259.21412681 161.45717464
142 259.06042032 180.95183888
143 259.32814815 200.29555556
144 259.17753121 219.80443828
145 259.25370370 239.24259259
146 259.04312115 258.51745380
147 259.24265403 278.12132701
148 259.70155440 297.62797927
149 258.99045802 316.91984733
150 259.04302987 335.84672831
151 259.33100775 354.25736434
152 258.88211868 373.84030267
153 257.89798851 393.25191571
154 278.43371378 85.96224759
155 277.62285714 104.71630252
156 278.03052250 123.75219865
157 278.23109097 142.80027884
158 278.27228164 161.75222816
159 278.31241283 180.59274756
160 278.61894882 200.56362379
161 278.93273092 219.90963855
162 278.64941922 239.17212249
163 278.95445736 258.86627907
164 278.82265276 278.12965723
165 278.31558296 297.53587444
166 278.54220315 316.92131617
167 278.03082656 336.32621951
168 277.93512304 355.09530201
169 277.76327769 373.60015175
170 278.37772586 393.03660436
171 296.85224839 86.86167024
172 296.37503814 104.84833689
173 297.29050279 123.81657356
174 298.07481005 142.92986558
175 297.79331726 162.10885291
176 297.65934066 180.96846632
177 297.75386685 200.40954943
178 297.90384615 219.93927126
179 298.39704209 239.22525597
180 298.10586177 258.65091864
181 298.01344657 278.02547771
182 297.95120773 297.47777778
183 297.76123468 316.46845211
184 297.19590205 335.71164418
185 297.02786499 354.85439560
186 296.52368334 374.63265982
187 297.94592507 391.33178834
188 314.47009392 85.17745922
189 315.28260870 105.92255435
190 315.84930505 123.49780541
191 316.96218324 143.39961014
192 317.01473684 161.96789474
193 317.09013540 181.12882012
194 317.30047619 200.16476190
195 317.48148148 219.87962963
196 316.64012158 239.69057751
197 317.33254578 258.53219138
198 317.34064081 278.02698145
199 316.66053512 297.22951505
200 316.90817694 316.87466488
201 316.76901275 335.82333491
202 316.15411559 354.95271454
203 316.64156515 371.99040236
204 317.61475410 392.07907425
205 334.91044776 104.77867804
206 334.99940423 124.11289842
207 335.18568935 143.36963351
208 336.10963855 162.35381526
209 336.50333940 181.78627808
210 336.38326972 200.47932570
211 336.19019934 219.56021595
212 336.33316300 239.70567195
213 336.80074349 258.79144981
214 336.22214788 277.77885580
215 336.44061048 297.30590577
216 335.61229549 316.82746653
217 335.16359290 335.28312842
218 334.17426663 355.26953238
219 335.13206751 373.96075949
220 351.99398798 122.96058784
221 354.60788714 142.98877845
222 355.18982229 162.45638126
223 355.35361763 181.25395304
224 355.65495868 200.33884298
225 355.34006211 219.79968944
226 355.62536528 239.31502046
227 355.96668723 258.61320173
228 355.56619018 277.88937228
229 354.88811475 297.47500000
230 355.07579237 316.96417088
231 353.92812385 336.41024696
232 354.33629301 354.84350721
233 373.96987952 144.02026287
234 373.47365119 162.58594730
235 373.99897751 181.36468984
236 373.76302988 200.39124392
237 374.60562852 219.95234522
238 374.32248735 239.14605929
239 374.23661972 257.62723005
240 373.73661599 278.51288830
241 374.24628713 295.60231023
242 373.98809967 315.59129788
243 372.95002231 334.22356091
244 392.24032698 162.37929155
245 391.52162516 180.74967235
246 393.23694357 199.57833859
247 393.23242812 219.25479233
248 393.79971691 239.64472753
249 394.07092199 258.62189716
250 393.07488372 277.85441860
251 392.71545064 295.60600858
252 394.69062198 316.60038672
253 411.17991632 240.14340053
