1 36.70718433 242.37409289
2 58.03587444 151.95869719
3 59.34264585 175.81867981
4 59.66153014 196.49094350
5 60.38181818 218.45296443
6 60.15639713 239.79774821
7 58.66708941 263.27013316
8 58.11072165 286.39855670
9 58.79347297 309.48611788
10 55.31679220 331.45857333
11 81.17145054 132.53639159
12 82.96179450 154.81215630
13 84.22785813 174.64493759
14 84.73955296 196.05960479
15 83.45481307 218.76332058
16 85.74170437 241.08220211
17 83.36737671 262.43536621
18 82.69903260 283.98674310
19 84.59499537 307.42608897
20 81.32670906 330.10333863
21 81.15053490 355.25624045
22 107.37086814 108.78350890
23 106.67751265 132.59532417
24 106.39959549 152.86391216
25 108.47481851 175.82463702
26 108.37781629 196.27590988
27 108.74690509 218.38480055
28 108.19724585 240.24503848
29 107.68812375 261.90968064
30 107.11258893 283.78812249
31 106.64060879 306.82082324
32 105.26101190 328.45565476
33 105.33842969 351.75250836
34 102.00467654 375.72954014
35 126.55056514 87.44883998
36 128.81638782 108.59373659
37 129.59375000 132.22456395
38 129.91060473 153.02716915
39 130.65636105 174.87917555
40 131.61077009 197.00167411
41 131.53721157 217.68118297
42 131.19526144 239.89093137
43 131.32992327 260.99209486
44 130.76845084 282.97925018
45 129.93463716 305.37673700
46 129.11071544 327.94011007
47 128.11779575 350.83973711
48 126.25204285 373.47485019
49 124.54313725 397.71215686
50 148.28687127 65.65260017
51 149.94238075 87.71570283
52 151.80762291 111.03202526
53 152.11740389 131.16494419
54 153.64672473 153.76448315
55 153.23452342 174.88306584
56 154.18708487 196.53468635
57 154.16873890 217.85923623
58 154.44504831 239.66545894
59 153.26265390 260.95622435
60 153.42135043 282.28404376
61 152.36019737 304.43684211
62 151.89141856 326.36077058
63 150.86688991 349.54039347
64 149.33500125 373.09206905
65 148.88358691 396.97948363
66 147.62443845 421.25786164
67 171.99064671 65.12479957
68 172.60662571 88.33413778
69 174.25784393 110.32984714
70 174.35060639 131.76460860
71 175.14601019 153.76264856
72 175.48330241 175.41975881
73 175.41690751 196.49349711
74 175.48500000 217.49250000
75 175.29896907 238.91365979
76 175.63499530 260.15616181
77 175.39762764 281.40175348
78 174.95642857 303.83750000
79 173.93154683 325.96550809
80 173.66375087 348.60986704
81 171.82425586 371.54053198
82 172.17533156 395.98859416
83 170.45647371 420.74547061
84 195.60388090 65.39009702
85 194.64573598 89.18837617
86 196.16071429 110.87982625
87 197.24747110 133.89884393
88 196.68129139 154.16266556
89 196.74100719 175.01358913
90 197.16204051 196.18529632
91 197.48278689 217.44098361
92 197.26066897 238.74855825
93 197.02872928 259.95138122
94 196.80614806 281.52697616
95 196.42151899 303.11898734
96 196.25543071 325.12434457
97 195.56549708 347.50409357
98 194.59976617 370.90413094
99 193.21354341 394.93228294
100 194.07886905 420.07192460
101 214.05383623 66.71534494
102 217.42976589 88.44280936
103 217.40326209 111.19347582
104 217.83032091 133.13316120
105 218.28437191 154.07764590
106 218.95505618 175.00000000
107 218.76011158 196.24128312
108 218.53907816 217.51903808
109 218.73214286 238.56349206
110 218.71619366 259.72621035
111 218.75164628 281.00846660
112 218.02200000 303.00900000
113 217.66359447 325.03133641
114 218.02612540 347.03336013
115 216.82232441 370.86872910
116 215.04459064 394.60051170
117 213.64526316 419.29894737
118 237.37180130 43.20070246
119 238.63597033 66.26514215
120 238.99211356 89.15173502
121 238.78418020 111.83603981
122 238.89778206 133.18852459
123 239.33273462 153.90435564
124 239.53208138 174.87480438
125 239.58181818 196.19292929
126 239.53678474 217.47683924
127 240.00000000 240.00000000
128 239.96356275 259.53846154
129 239.92553191 281.00591017
130 239.50215827 302.74964029
131 240.13761468 324.08664628
132 238.97824030 346.80447808
133 238.54367135 370.00518135
134 237.66290550 393.99224260
135 236.92543228 420.55475504
136 238.05464481 444.66510539
137 261.88793103 67.09869203
138 260.83411627 89.19230769
139 260.66034985 111.34353741
140 260.57743631 133.07116862
141 260.72481711 154.18345526
142 260.57075841 175.44096951
143 260.92601829 196.21280133
144 260.86449400 217.50085763
145 260.92069632 238.55512573
146 260.51621622 259.48648649
147 260.90009699 280.96314258
148 261.23148148 302.75000000
149 260.51858486 324.70980743
150 260.75760159 347.04631998
151 260.90938722 368.96349413
152 260.52176560 394.07701674
153 259.38937775 419.51728473
154 282.51990223 66.70949721
155 281.30058336 89.24808106
156 281.43746810 111.63552833
157 281.52622730 133.25991930
158 281.47914894 154.28595745
159 281.33704529 175.08685969
160 281.77908689 196.67378498
161 282.10416667 217.59166667
162 281.82461874 238.64596950
163 282.04486540 259.82352941
164 282.04212168 280.98127925
165 281.61866818 302.63460444
166 282.09825871 324.93656716
167 281.95641447 347.95285088
168 282.14822134 370.73781291
169 282.22682627 394.18385513
170 283.26518860 419.20961705
171 303.37487301 67.24415848
172 302.28346700 89.13294263
173 303.02783636 111.39013075
174 303.31487243 133.29620411
175 302.88588684 154.64399237
176 302.50506073 175.48127530
177 302.45839311 196.51147776
178 302.60367722 217.66496425
179 303.19975186 238.79280397
180 302.98542805 259.79599271
181 303.26607257 281.27816677
182 303.28199470 302.87246249
183 303.40985678 324.66933446
184 303.53854390 347.62847966
185 303.64135514 371.01372664
186 303.73298857 395.66031573
187 306.11967129 417.81227530
188 323.75122549 64.52165033
189 323.62628425 90.03082192
190 323.82406802 110.36854153
191 324.59881350 133.32703003
192 324.18665977 154.21509824
193 324.06388479 175.42245199
194 324.03897979 196.29066410
195 324.10640496 217.60175620
196 323.39350406 239.36227358
197 324.37724551 259.93053892
198 324.33314670 281.48544233
199 324.29912581 303.17597872
200 325.18441704 325.89910314
201 325.58276740 347.99575552
202 325.89183457 372.10259809
203 327.12456376 393.08832215
204 329.11491443 419.21678892
205 346.55995935 87.32859079
206 345.54668753 110.82994262
207 345.27170166 132.71607647
208 345.77987870 154.28148412
209 345.59429958 175.83201941
210 345.38095238 196.48571429
211 345.11402359 217.36041940
212 345.28087546 239.38561751
213 346.01976574 260.38909224
214 345.91578040 281.72118425
215 346.75172811 304.02016129
216 346.46330275 326.34954128
217 347.01007492 348.58822010
218 346.85789837 372.84318234
219 349.15375039 396.74852163
220 365.90613932 108.06965762
221 367.66297053 131.78435950
222 367.85110228 153.71015540
223 367.38738339 175.01332741
224 367.43786356 196.13379164
225 367.20623742 217.64989940
226 367.45918934 239.27928928
227 368.13045977 260.74137931
228 368.43646724 282.62450142
229 367.99660377 304.73584906
230 369.64029575 327.86839187
231 369.05348460 351.31021070
232 370.67675450 373.78424211
233 391.01670259 131.94073276
234 389.43435981 153.46164236
235 389.39421855 174.72776366
236 389.01994116 196.11016672
237 389.80021834 217.82678311
238 389.65766739 239.49532037
239 389.67176947 260.04997749
240 389.82626101 283.86282359
241 391.28731632 303.78538283
242 391.86328400 327.40239605
243 391.99967575 349.80739300
244 412.56057007 152.38812352
245 411.14089482 173.46821036
246 412.52546829 195.07459744
247 412.67276290 217.24330503
248 413.59421164 240.40217064
249 414.19438796 261.96787312
250 413.58464928 284.14506059
251 413.77958740 304.71878393
252 416.94862385 329.39056356
253 435.05663329 241.21214018
